6.211370903277377664e+01 1.573149553538289958e+01
9.211370903277378375e+01 1.544179980809550301e+01
1.221137090327737837e+02 1.714737427129441727e+01
1.521137090327738122e+02 1.873026411779490985e+01
1.821137090327738122e+02 1.992736511838667113e+01
2.121137090327738122e+02 2.057029591025621329e+01
2.421137090327738406e+02 2.135550142489205427e+01
2.721137090327738406e+02 2.169427711246629187e+01
3.021137090327738406e+02 2.248214565107330998e+01
3.321137090327738406e+02 2.278870326639161092e+01
3.621137090327738406e+02 2.359784670330960310e+01
3.921137090327738406e+02 2.367051842293611230e+01
4.221137090327738974e+02 2.475424191412585273e+01
4.521137090327738974e+02 2.495796034301844202e+01
4.821137090327738974e+02 2.543245528423125279e+01
5.121137090327738406e+02 2.617194919101877915e+01
5.421137090327738406e+02 2.670974065639832062e+01
5.721137090327738406e+02 2.685462280863749029e+01
6.021137090327738406e+02 2.758650913055876686e+01
6.321137090327738406e+02 2.780938254928615905e+01
6.621137090327738406e+02 2.749859697129808467e+01
6.921137090327738406e+02 2.809284280752072149e+01
7.221137090327738406e+02 2.762090663173564664e+01
7.521137090327738406e+02 2.665120481168968780e+01
7.821137090327739543e+02 2.525380370385723694e+01
8.121137090327739543e+02 2.354345076941695325e+01
8.421137090327739543e+02 2.161655171316878565e+01
8.721137090327739543e+02 2.025204174845536187e+01
9.021137090327739543e+02 1.814430135347699036e+01
9.321137090327739543e+02 1.643313804342722051e+01
9.621137090327739543e+02 1.460197764418652611e+01
1.031066946442845619e+03 0.000000000000000000e+00
