5.940056526207605003e+01 1.417964902524175841e+01
8.940056526207604293e+01 1.347331445987711440e+01
1.194005652620760429e+02 1.520108429245481751e+01
1.494005652620760145e+02 1.747906536281336543e+01
1.794005652620760145e+02 1.757647906899436663e+01
2.094005652620760145e+02 1.826932569850513843e+01
2.394005652620759861e+02 1.976027160058190901e+01
2.694005652620759861e+02 2.043325931865847522e+01
2.994005652620759861e+02 2.024485779022283083e+01
3.294005652620759861e+02 2.091151338421524386e+01
3.594005652620759861e+02 2.114172636231533886e+01
3.894005652620759861e+02 2.178218310970828853e+01
4.194005652620759292e+02 2.200688381490454404e+01
4.494005652620759292e+02 2.204461287323885799e+01
4.794005652620759292e+02 2.160016140031687115e+01
5.094005652620759292e+02 2.129234239428594222e+01
5.394005652620759292e+02 2.070421822879813334e+01
5.694005652620759292e+02 2.073640575940635600e+01
5.994005652620759292e+02 2.064110742637423002e+01
6.294005652620759292e+02 2.013792122036748466e+01
6.594005652620759292e+02 1.952146940895986660e+01
6.894005652620759292e+02 1.868293135747130762e+01
7.194005652620759292e+02 1.744308816531205153e+01
7.494005652620759292e+02 1.619243331071754355e+01
7.794005652620758156e+02 1.522604955691324768e+01
8.094005652620758156e+02 1.337922509203004751e+01
8.394005652620758156e+02 1.212402299270420514e+01
9.030019387087731957e+02 0.000000000000000000e+00
