3.117647058823529704e+01 1.207743014711094531e+01
6.117647058823529704e+01 1.256872541688981215e+01
9.117647058823530415e+01 1.337489478524600273e+01
1.211764705882353041e+02 1.512049420143076084e+01
2.411764705882353041e+02 1.820739140616839080e+01
2.711764705882353041e+02 1.866283673364046436e+01
3.011764705882353041e+02 1.959475769145905844e+01
3.311764705882353041e+02 2.002453041650686316e+01
3.611764705882353041e+02 2.037417183017816669e+01
3.911764705882353041e+02 2.073562459778998601e+01
4.211764705882353041e+02 2.096256388697151607e+01
4.511764705882353041e+02 2.129842319859030297e+01
4.811764705882353041e+02 2.071128265557463877e+01
5.111764705882353041e+02 2.082369683088802859e+01
5.411764705882352473e+02 2.127022978791355001e+01
5.711764705882352473e+02 2.099378265338362937e+01
6.011764705882352473e+02 2.067559951714380517e+01
6.311764705882352473e+02 1.990370336231182691e+01
6.611764705882352473e+02 2.054043767520146346e+01
6.911764705882352473e+02 1.947369383866113424e+01
7.211764705882352473e+02 1.891421665676611852e+01
7.511764705882352473e+02 1.902724051613864731e+01
7.811764705882352473e+02 1.884299637996718602e+01
8.111764705882352473e+02 1.851482167350701147e+01
8.411764705882352473e+02 1.771668564966786263e+01
8.711764705882352473e+02 1.647368800794754407e+01
9.011764705882352473e+02 1.581305161962894523e+01
9.311764705882352473e+02 1.470129044011274821e+01
9.611764705882352473e+02 1.366719017668176761e+01
9.911764705882352473e+02 1.176519799310248438e+01
1.021176470588235247e+03 1.090783938771881445e+01
1.051176470588235361e+03 9.214218607087548918e+00
1.082106644096487571e+03 0.000000000000000000e+00
