5.632350346138183284e+01 1.073653817315971182e+01
8.632350346138183284e+01 1.088211939635352188e+01
1.163235034613818328e+02 1.268350507975770292e+01
1.463235034613818470e+02 1.362763705982857410e+01
1.763235034613818470e+02 1.411043632393143454e+01
2.063235034613818470e+02 1.488358484406193050e+01
2.363235034613818470e+02 1.651663118231976668e+01
2.663235034613818470e+02 1.635061172601671231e+01
2.963235034613818470e+02 1.651152312248218124e+01
3.263235034613818470e+02 1.665869728678920936e+01
3.563235034613818470e+02 1.667406828945056319e+01
3.863235034613818470e+02 1.616095752749545511e+01
4.163235034613818470e+02 1.632580863511916291e+01
4.463235034613818470e+02 1.583156238958597051e+01
4.763235034613818470e+02 1.524034447911026113e+01
5.063235034613818470e+02 1.417345110028950295e+01
5.363235034613818470e+02 1.366003167548338659e+01
5.663235034613818470e+02 1.284244360546165353e+01
5.963235034613818470e+02 1.202875581984049447e+01
6.263235034613818470e+02 1.060266617133998146e+01
6.746299506113541611e+02 0.000000000000000000e+00
