9.658761562178828797e+01 1.487348924836536845e+01
1.265876156217882880e+02 1.701134315149631959e+01
1.565876156217883022e+02 1.795957777684582979e+01
1.865876156217883022e+02 1.978297688143604915e+01
2.165876156217883022e+02 2.036766223614353066e+01
2.465876156217883022e+02 2.178154479030089874e+01
2.765876156217883022e+02 2.297595600669377092e+01
3.065876156217883022e+02 2.308649450893517852e+01
3.365876156217883022e+02 2.476664816509597955e+01
3.665876156217883022e+02 2.483691115862411891e+01
3.965876156217883022e+02 2.442647092291797861e+01
4.265876156217883022e+02 2.563363893354288336e+01
4.565876156217883022e+02 2.602371348502127901e+01
4.865876156217883022e+02 2.582221071930125689e+01
5.165876156217882453e+02 2.609794985404278833e+01
5.465876156217882453e+02 2.508158225228973492e+01
5.765876156217882453e+02 2.574003814271807755e+01
6.065876156217882453e+02 2.490886362164543399e+01
6.365876156217882453e+02 2.526652484989429936e+01
6.665876156217882453e+02 2.446928671810768563e+01
6.965876156217882453e+02 2.439407805703704568e+01
7.265876156217882453e+02 2.382759497177584151e+01
7.565876156217882453e+02 2.239008387674258671e+01
7.865876156217882453e+02 2.171138570176245963e+01
8.165876156217882453e+02 2.119570022261009257e+01
8.465876156217882453e+02 2.112170842321392072e+01
8.765876156217882453e+02 2.002885936154404334e+01
9.065876156217882453e+02 1.902850628926812249e+01
9.365876156217882453e+02 1.858127222444544913e+01
9.665876156217882453e+02 1.582129475962914356e+01
9.965876156217882453e+02 1.514177536673388147e+01
1.026587615621788245e+03 1.476785157563892170e+01
1.071332990750256840e+03 0.000000000000000000e+00
