3.437589928057553834e+01 3.000907521618925955e+01
6.437589928057553834e+01 3.046013493212431911e+01
9.437589928057553834e+01 2.969323199870602181e+01
1.243758992805755383e+02 3.188097750744931247e+01
1.543758992805755383e+02 3.044780394408392965e+01
1.843758992805755383e+02 3.059126717806527651e+01
2.143758992805755383e+02 3.206393958899275276e+01
2.443758992805755383e+02 2.947252169947380906e+01
2.743758992805755383e+02 3.262075148323950202e+01
3.043758992805755383e+02 3.245233508987552540e+01
3.343758992805755383e+02 3.169229817957305073e+01
3.643758992805755383e+02 3.262946452859723934e+01
3.943758992805755383e+02 3.143718028928782360e+01
4.243758992805755383e+02 3.071519756415779767e+01
4.543758992805755383e+02 3.268584791862829775e+01
4.843758992805755383e+02 3.345871138477010476e+01
5.143758992805755952e+02 3.195737826303449935e+01
5.443758992805755952e+02 3.135683423465630426e+01
5.743758992805755952e+02 2.975746593621586911e+01
6.043758992805755952e+02 3.191994292490621632e+01
6.343758992805755952e+02 3.125256923685597243e+01
6.643758992805755952e+02 3.058068460329246818e+01
6.943758992805755952e+02 2.509625099591249153e+01
7.243758992805755952e+02 2.693973286428363423e+01
8.502138652714193086e+02 0.000000000000000000e+00
