1.210526315789473699e+02 7.939857228893936636e+00
1.510526315789473699e+02 9.251898137767618380e+00
1.810526315789473699e+02 1.022446426202955472e+01
2.110526315789473699e+02 1.143042719120305506e+01
2.410526315789473699e+02 1.282285014939268031e+01
2.710526315789473983e+02 1.391717152429297677e+01
3.010526315789473983e+02 1.447842149759992836e+01
3.310526315789473983e+02 1.476345224018827196e+01
3.610526315789473983e+02 1.482987830857352840e+01
3.910526315789473983e+02 1.493709737097821666e+01
4.210526315789473983e+02 1.535598196018232287e+01
4.510526315789473983e+02 1.599397109686991669e+01
4.810526315789473983e+02 1.532397179775944807e+01
5.110526315789473983e+02 1.542396818834244421e+01
5.410526315789473983e+02 1.537836437199882234e+01
5.710526315789473983e+02 1.514168170791116097e+01
6.010526315789473983e+02 1.438606226088625029e+01
8.421052631578947967e+02 0.000000000000000000e+00
