8.250000000000000000e+01 1.379328904946498646e+01
1.125000000000000000e+02 1.829311306270568593e+01
1.425000000000000000e+02 1.720240465630760340e+01
1.725000000000000000e+02 1.628471139445273863e+01
2.025000000000000000e+02 1.724406318030212049e+01
2.325000000000000000e+02 1.843099304134424443e+01
2.625000000000000000e+02 2.033726310462558473e+01
2.925000000000000000e+02 2.122881299415452006e+01
3.225000000000000000e+02 2.205648953754201713e+01
3.525000000000000000e+02 2.319909892867848811e+01
3.825000000000000000e+02 2.518404720385970208e+01
4.125000000000000000e+02 2.075494895187736333e+01
4.425000000000000000e+02 2.034558834653381254e+01
4.725000000000000000e+02 2.122364733305591855e+01
5.025000000000000000e+02 2.039545213273782664e+01
5.325000000000000000e+02 1.944628945415615462e+01
5.625000000000000000e+02 1.918008083045629419e+01
5.925000000000000000e+02 1.825311461382921863e+01
6.225000000000000000e+02 1.659498470982476093e+01
6.525000000000000000e+02 1.591728557658956511e+01
7.581036625245258165e+02 0.000000000000000000e+00
