4.102137912311660273e+01 1.142240426439767553e+01
7.102137912311660273e+01 1.343817647281599470e+01
1.010213791231166027e+02 1.438976310178505180e+01
1.310213791231166169e+02 1.581140637556401707e+01
1.610213791231166169e+02 1.705521955214575769e+01
1.910213791231166169e+02 1.891219794205772686e+01
2.210213791231166169e+02 1.973802766192228830e+01
2.510213791231166169e+02 2.067070566672248333e+01
2.810213791231166169e+02 2.127685013776290646e+01
3.110213791231166169e+02 2.143148330559557380e+01
3.410213791231166169e+02 2.129503430717194234e+01
3.710213791231166169e+02 2.178818350362346834e+01
4.010213791231166169e+02 2.234010730945970735e+01
4.310213791231166169e+02 2.280296443678055951e+01
4.610213791231166169e+02 2.301947847533782365e+01
4.910213791231166169e+02 2.298251247445087841e+01
5.210213791231166169e+02 2.264085530272151559e+01
5.510213791231166169e+02 2.208145547018651556e+01
5.810213791231166169e+02 2.221982623180149119e+01
6.110213791231166169e+02 2.256453523007027684e+01
6.410213791231166169e+02 2.243243092874176625e+01
6.710213791231166169e+02 2.219998586892002024e+01
7.010213791231166169e+02 2.121022252454474000e+01
7.310213791231166169e+02 2.075217409245144395e+01
7.610213791231166169e+02 1.947604364952674771e+01
7.910213791231166169e+02 1.765444011436525074e+01
8.210213791231166169e+02 1.730761246563419675e+01
8.510213791231166169e+02 1.584067746787604669e+01
8.810213791231166169e+02 1.464248561341803345e+01
9.110213791231166169e+02 1.317641310068941785e+01
9.410213791231166169e+02 1.158744585272940419e+01
9.710213791231166169e+02 1.042475035358783053e+01
1.060556094746844110e+03 0.000000000000000000e+00
