9.600000000000000000e+01 8.399136015500422658e+00
1.260000000000000000e+02 1.016819870938463843e+01
1.560000000000000000e+02 1.153346856616483862e+01
1.860000000000000000e+02 1.226466011109889287e+01
2.160000000000000000e+02 1.243580358819130005e+01
2.460000000000000000e+02 1.300958488339677110e+01
2.760000000000000000e+02 1.344936534928385896e+01
3.060000000000000000e+02 1.363076983580605983e+01
3.360000000000000000e+02 1.402458056480782211e+01
3.660000000000000000e+02 1.443773445001721889e+01
3.960000000000000000e+02 1.430309605452689325e+01
4.260000000000000000e+02 1.417057876483602996e+01
4.560000000000000000e+02 1.359890319425193184e+01
4.860000000000000000e+02 1.298007278897766170e+01
5.160000000000000000e+02 1.285516952883073571e+01
5.460000000000000000e+02 1.260753967136303011e+01
5.760000000000000000e+02 1.153012595887648573e+01
6.060000000000000000e+02 1.024773394298460794e+01
6.360000000000000000e+02 9.996898838572230162e+00
6.660000000000000000e+02 9.685010295498740263e+00
6.960000000000000000e+02 8.965538612618212611e+00
7.260000000000000000e+02 8.512266477087960581e+00
7.560000000000000000e+02 8.521367188056640174e+00
8.045294117647058556e+02 0.000000000000000000e+00
