3.000000000000000000e+01 6.125014014286358943e+00
6.000000000000000000e+01 8.708114710032901939e+00
9.000000000000000000e+01 1.051857633161044880e+01
1.200000000000000000e+02 1.217236170328068567e+01
1.500000000000000000e+02 1.290017345018221739e+01
1.800000000000000000e+02 1.388166751244203567e+01
2.100000000000000000e+02 1.456061753540036463e+01
2.400000000000000000e+02 1.666611608378870457e+01
2.700000000000000000e+02 1.772552853185616328e+01
3.000000000000000000e+02 1.832926056461360176e+01
3.300000000000000000e+02 1.949514891450193232e+01
3.600000000000000000e+02 1.829359801377313488e+01
3.900000000000000000e+02 1.877264013813240950e+01
4.200000000000000000e+02 1.936258089582836561e+01
4.500000000000000000e+02 1.999559462789301634e+01
4.800000000000000000e+02 2.028198414351162882e+01
5.100000000000000000e+02 2.158731157279185808e+01
5.400000000000000000e+02 2.035431837994574522e+01
5.700000000000000000e+02 2.014125025412673153e+01
6.000000000000000000e+02 2.117023272681793955e+01
6.300000000000000000e+02 1.994208526775848611e+01
6.600000000000000000e+02 2.069463844271993125e+01
6.900000000000000000e+02 2.129852745977352768e+01
7.200000000000000000e+02 2.008351197946205602e+01
7.500000000000000000e+02 1.946454419014699866e+01
7.800000000000000000e+02 1.791863918337022454e+01
8.094545454545454959e+02 0.000000000000000000e+00
