6.500000000000000000e+01 1.165093854904047532e+01
9.500000000000000000e+01 1.529029394239253925e+01
1.250000000000000000e+02 1.630991342872527383e+01
1.550000000000000000e+02 1.779917012335358706e+01
1.850000000000000000e+02 1.863670711377942268e+01
2.150000000000000000e+02 1.969338034178801777e+01
2.450000000000000000e+02 2.094424100404784284e+01
2.750000000000000000e+02 2.106726185526046180e+01
3.050000000000000000e+02 2.201853428425924264e+01
3.350000000000000000e+02 2.229449841838083302e+01
3.650000000000000000e+02 2.334865438876765609e+01
3.950000000000000000e+02 2.327201834855786799e+01
4.250000000000000000e+02 2.403625995531111315e+01
4.550000000000000000e+02 2.426086283381675202e+01
4.850000000000000000e+02 2.439548489563235023e+01
5.150000000000000000e+02 2.423307480075681752e+01
5.450000000000000000e+02 2.385599471432557195e+01
5.750000000000000000e+02 2.490558660987556294e+01
6.050000000000000000e+02 2.506188809283532137e+01
6.350000000000000000e+02 2.498522554228814840e+01
7.550000000000000000e+02 2.283521114554992693e+01
7.850000000000000000e+02 2.184473711466250734e+01
8.150000000000000000e+02 2.108929539059920799e+01
8.450000000000000000e+02 1.936912245935102206e+01
8.750000000000000000e+02 1.804076352832692365e+01
9.050000000000000000e+02 1.525557547980222672e+01
9.697368421052631220e+02 0.000000000000000000e+00
