9.948755395683453173e+01 7.643604242734394205e+00
1.294875539568345175e+02 8.948306239052458366e+00
1.594875539568345175e+02 1.087949110221203419e+01
1.894875539568345175e+02 1.126473114345610504e+01
2.194875539568345175e+02 1.198607655179106501e+01
2.494875539568345175e+02 1.292991897523037714e+01
2.794875539568345175e+02 1.369653788163500074e+01
3.094875539568345175e+02 1.479045493157868485e+01
3.394875539568345175e+02 1.539022116860658684e+01
3.694875539568345175e+02 1.522011983054792417e+01
3.994875539568345175e+02 1.593933897487464790e+01
4.294875539568345175e+02 1.585894304699038315e+01
4.594875539568345175e+02 1.629065753952268381e+01
4.894875539568345175e+02 1.669374870183031945e+01
5.194875539568345175e+02 1.747061303066835336e+01
5.494875539568345175e+02 1.738395026169904156e+01
5.794875539568345175e+02 1.713686737416511008e+01
6.094875539568345175e+02 1.671428363605382472e+01
6.394875539568345175e+02 1.697141951464007192e+01
6.694875539568345175e+02 1.703530021451599907e+01
6.994875539568345175e+02 1.695895001502312738e+01
7.294875539568345175e+02 1.625774146246324747e+01
7.594875539568345175e+02 1.531701373124352905e+01
7.894875539568345175e+02 1.525859349320272251e+01
8.194875539568345175e+02 1.473121179845384709e+01
8.494875539568345175e+02 1.401842271341865498e+01
8.794875539568345175e+02 1.381395325349209102e+01
9.094875539568345175e+02 1.218851745448728607e+01
9.394875539568345175e+02 1.096346687571639222e+01
9.694875539568345175e+02 1.001263756627499824e+01
9.994875539568345175e+02 8.379493672705255136e+00
1.029487553956834518e+03 6.806356168166479925e+00
1.119003741007194321e+03 0.000000000000000000e+00
