1.093256244061354749e+02 2.140045945023094731e+01
1.393256244061354892e+02 2.063674711245512228e+01
1.693256244061354892e+02 2.120251740459562484e+01
1.993256244061354892e+02 2.274300081128525264e+01
2.293256244061354892e+02 2.328138654600080670e+01
2.593256244061354892e+02 2.423884651941864732e+01
2.893256244061354892e+02 2.572030199371369008e+01
3.193256244061354892e+02 2.651734264819206999e+01
3.493256244061354892e+02 2.681611529005882844e+01
3.793256244061354892e+02 2.735698923863149190e+01
4.093256244061354892e+02 2.728989088413278097e+01
4.393256244061354892e+02 2.787813040445038837e+01
4.693256244061354892e+02 2.767004070242627378e+01
4.993256244061354892e+02 2.840484492748928247e+01
5.293256244061354892e+02 2.865414601377401027e+01
5.593256244061354892e+02 2.942974478626106105e+01
5.893256244061354892e+02 2.975918895800674946e+01
6.193256244061354892e+02 2.909397198843416987e+01
6.493256244061354892e+02 2.889678718314965522e+01
6.793256244061354892e+02 2.933741914578499532e+01
7.093256244061354892e+02 2.938096223503551130e+01
7.693256244061354892e+02 2.983639719651698385e+01
7.993256244061354892e+02 3.014370807409860831e+01
8.293256244061354892e+02 2.986115425271389867e+01
8.593256244061354892e+02 2.965970904412690246e+01
8.893256244061354892e+02 2.868524236643394332e+01
9.193256244061354892e+02 2.888893949592454291e+01
9.493256244061354892e+02 2.908158745289589575e+01
9.793256244061354892e+02 2.856075245591759426e+01
1.009325624406135489e+03 2.890724376784868355e+01
1.039325624406135375e+03 2.852064367783532717e+01
1.069325624406135375e+03 2.837685818018280415e+01
1.099325624406135375e+03 2.783262624142336250e+01
1.129325624406135375e+03 2.775233771183724585e+01
1.159325624406135375e+03 2.832272110754626127e+01
1.189325624406135375e+03 2.831209788774904723e+01
1.219325624406135375e+03 2.680715516534552734e+01
1.249325624406135375e+03 2.621529303457367988e+01
1.279325624406135375e+03 2.508787921534350218e+01
1.309325624406135375e+03 2.487194543384594070e+01
1.339325624406135375e+03 2.416599427213387941e+01
1.369325624406135375e+03 2.293055805709127881e+01
1.399325624406135375e+03 2.136909496855274071e+01
1.429325624406135375e+03 1.992457704114583095e+01
1.459325624406135375e+03 1.791406527380176783e+01
1.489325624406135375e+03 1.682677847772102808e+01
1.519325624406135375e+03 1.500896671452865228e+01
1.563880095115282302e+03 0.000000000000000000e+00
