7.611382322713258475e+01 1.170678423598529605e+01
1.061138232271325847e+02 1.395634285728514890e+01
1.361138232271325705e+02 1.386862533383279228e+01
1.661138232271325705e+02 1.644601548413968928e+01
1.961138232271325705e+02 1.662191894298299388e+01
2.261138232271325705e+02 1.802619159465076848e+01
2.561138232271325705e+02 1.976571145883049496e+01
2.861138232271325705e+02 2.193540789368282873e+01
3.161138232271325705e+02 2.602101358041116086e+01
3.761138232271325705e+02 2.325511339902884345e+01
4.061138232271325705e+02 2.275885737888577509e+01
4.361138232271325705e+02 2.246470959196685868e+01
4.661138232271325705e+02 2.239532195877036358e+01
4.961138232271325705e+02 2.227044608542559700e+01
5.261138232271325705e+02 2.267747569841806055e+01
5.561138232271325705e+02 2.216602504582388278e+01
5.861138232271325705e+02 2.252475517227649959e+01
6.161138232271325705e+02 2.190951252915490244e+01
6.461138232271325705e+02 2.186178986408007674e+01
6.761138232271325705e+02 2.156500604843589741e+01
7.061138232271325705e+02 2.133530161910384493e+01
7.361138232271325705e+02 2.079469390356636183e+01
7.661138232271325705e+02 2.090740140031398298e+01
7.961138232271325705e+02 1.958637242366567932e+01
8.261138232271325705e+02 1.848034390401770466e+01
8.561138232271325705e+02 1.757472019547737219e+01
8.861138232271325705e+02 1.698699855276736059e+01
9.161138232271325705e+02 1.561889404740028553e+01
9.461138232271325705e+02 1.368040529073660672e+01
9.761138232271325705e+02 1.279934431175960796e+01
1.038526562001630282e+03 0.000000000000000000e+00
