6.073561151079136522e+01 1.317368391624043156e+01
9.073561151079135811e+01 1.748781418976867741e+01
1.207356115107913581e+02 1.947411981625628741e+01
1.507356115107913297e+02 2.232759058736523627e+01
1.807356115107913297e+02 2.369797767818589307e+01
2.107356115107913297e+02 2.511609490636949715e+01
2.407356115107913013e+02 2.650744210503595255e+01
2.707356115107913297e+02 2.726614602730388270e+01
3.007356115107913297e+02 2.894775479475778823e+01
3.307356115107913297e+02 2.924178058183224849e+01
3.607356115107913297e+02 2.980727551693869870e+01
3.907356115107913297e+02 3.000203952816549702e+01
4.207356115107912728e+02 2.966654776001730554e+01
4.507356115107912728e+02 3.010743766095059470e+01
4.807356115107912728e+02 3.106028620363316506e+01
5.107356115107912728e+02 3.095176078052762492e+01
5.407356115107912728e+02 3.208879910774305699e+01
5.707356115107912728e+02 3.184099405695488372e+01
6.007356115107912728e+02 3.154810721693800346e+01
6.307356115107912728e+02 3.138953603728600683e+01
6.607356115107912728e+02 3.130262615470309839e+01
6.907356115107912728e+02 3.265854272939054681e+01
7.207356115107912728e+02 3.244802957286650269e+01
7.507356115107912728e+02 3.243158473001841458e+01
7.807356115107911592e+02 3.252291330318272600e+01
8.107356115107911592e+02 3.199954239407634304e+01
8.407356115107911592e+02 3.105692618730160959e+01
8.707356115107911592e+02 3.141335672938440737e+01
9.007356115107911592e+02 3.228090679481925918e+01
9.307356115107911592e+02 3.224384335291204451e+01
9.607356115107911592e+02 3.172304954190471094e+01
9.907356115107911592e+02 3.107085438143728595e+01
1.020735611510791159e+03 3.155093457149756375e+01
1.050735611510791159e+03 3.118910848356736665e+01
1.080735611510791159e+03 3.135929222421946605e+01
1.110735611510791159e+03 3.098415731427709119e+01
1.140735611510791159e+03 3.032495300495289214e+01
1.170735611510791159e+03 2.950617794929407367e+01
1.200735611510791159e+03 2.939278820683198035e+01
1.230735611510791159e+03 2.716019616643501067e+01
1.260735611510791159e+03 2.513949640545476782e+01
1.290735611510791159e+03 2.474527713108998128e+01
1.320735611510791159e+03 2.413709210949618011e+01
1.350735611510791159e+03 2.257221229918541994e+01
1.380735611510791159e+03 1.910205314966028922e+01
1.410735611510791159e+03 1.651027466864334770e+01
1.440735611510791159e+03 1.350836922077728275e+01
1.527153077537969693e+03 0.000000000000000000e+00
