8.321068859198355483e+01 1.244297929242375211e+01
1.132106885919835548e+02 1.425765482590910160e+01
1.432106885919835690e+02 1.633376126367880232e+01
1.732106885919835690e+02 1.769721226232691436e+01
2.032106885919835690e+02 1.872255287713077010e+01
2.332106885919835690e+02 1.974095057572542800e+01
2.632106885919835690e+02 2.108757623495168687e+01
2.932106885919835690e+02 2.098912372259648151e+01
3.232106885919835690e+02 2.171561527686009896e+01
3.532106885919835690e+02 2.140175927651536014e+01
3.832106885919835690e+02 2.134338616481977269e+01
4.132106885919835690e+02 2.173207667495680795e+01
4.432106885919835690e+02 2.148474271689712367e+01
4.732106885919835690e+02 2.166959053583292771e+01
5.032106885919835690e+02 2.202953665072300637e+01
5.332106885919835122e+02 2.136406150873366272e+01
5.632106885919835122e+02 2.131295148255457050e+01
5.932106885919835122e+02 2.120495556610678989e+01
6.232106885919835122e+02 2.047897675161264885e+01
6.532106885919835122e+02 2.020610109661207687e+01
6.832106885919835122e+02 2.078061058559925911e+01
7.132106885919835122e+02 1.929605172628502530e+01
7.432106885919835122e+02 1.880836736849758140e+01
7.732106885919835122e+02 1.693170282829417417e+01
8.032106885919835122e+02 1.370603979213177048e+01
8.332106885919835122e+02 1.270949485922142586e+01
8.632106885919835122e+02 1.124952853230866801e+01
9.239956320657759079e+02 0.000000000000000000e+00
