9.180422264875238625e+01 8.583250507980494604e+00
1.218042226487523862e+02 1.077971348556920006e+01
1.518042226487523578e+02 1.169827287365635193e+01
1.818042226487523578e+02 1.308363530913205075e+01
2.118042226487523578e+02 1.466726553451863246e+01
2.418042226487523294e+02 1.594445592496402853e+01
2.718042226487523294e+02 1.607485005851999560e+01
3.018042226487523294e+02 1.671214905365717840e+01
3.318042226487523294e+02 1.712381836089936016e+01
3.618042226487523294e+02 1.806436151840841120e+01
3.918042226487523294e+02 1.849174659276412314e+01
4.218042226487522726e+02 1.886682346332026228e+01
4.518042226487522726e+02 1.880169758752751363e+01
4.818042226487522726e+02 1.923109548180712736e+01
5.118042226487522726e+02 1.917208578497977101e+01
5.418042226487523294e+02 1.896462133886785395e+01
5.718042226487523294e+02 1.939840648055653460e+01
6.018042226487523294e+02 1.871823503705424940e+01
6.318042226487523294e+02 1.897376342883015710e+01
6.618042226487523294e+02 1.822267796442213239e+01
6.918042226487523294e+02 1.829172442144134791e+01
7.218042226487523294e+02 1.775028603539583472e+01
7.518042226487523294e+02 1.719196628151954798e+01
7.818042226487522157e+02 1.639852696021946343e+01
8.118042226487522157e+02 1.578623222060809184e+01
8.418042226487522157e+02 1.500618504321135660e+01
8.718042226487522157e+02 1.379963742863341203e+01
9.018042226487522157e+02 1.256331478664551504e+01
9.318042226487522157e+02 1.157412820646100471e+01
9.618042226487522157e+02 1.025881033669996967e+01
9.918042226487522157e+02 8.897001531854071388e+00
1.021804222648752216e+03 7.480529399235236632e+00
1.051804222648752102e+03 6.970292918122045656e+00
1.100172744721689014e+03 0.000000000000000000e+00
